dis:0.75983436853
gen:0.75983436853
dis:0.730158730159
gen:0.846100759144
