dis:0.75983436853
gen:0.75983436853
