dis:0.75983436853
gen:0.75983436853
dis:0.733609385783
gen:0.846100759144
